4294967279,23
4294967279,16
4294967279,15
4294967279,13
4294967279,12
4294967279,7
4294967279,6
4294967279,5
4294967278,129
4294967278,127
4294967278,126
4294967278,125
4294967278,124
4294967278,123
4294967278,122
4294967278,120
4294967278,114
4294967278,113
4294967278,112
4294967278,111
4294967278,109
4294967278,102
4294967278,101
4294967278,99
4294967278,90
4294967278,87
4294967278,86
4294967278,81
4294967278,80
4294967278,79
4294967278,77
4294967278,72
4294967278,67
4294967278,66
4294967278,334
4294967278,272
4294967278,174
4294967279,81
4294967279,80
4294967279,78
4294967279,67
4294967279,66
4294967279,55
4294967279,11
4294967279,9
4294967279,4
4294967278,63
4294967279,63
4294967279,430
4294967294,397
4294967294,408
4294967294,948
4294967294,385
4294967294,177
4294967294,406
4294967294,183
4294967294,402
4294967294,191
4294967294,414
4294967294,113
4294967294,454
4294967294,109
4294967294,111
4294967279,228
4294967279,173
4294967279,440
4294967278,327
4294967278,315
4294967279,571
4294967278,292
4294967278,385
4294967279,278
4294967279,226
4294967279,401
4294967294,387
4294967278,333
4294967279,417
4294967279,532
4294967278,165
4294967278,164
4294967279,164
4294967279,163
4294967278,256
4294967279,162
0,7
4294967278,249
4294967294,471
4294967278,380
4294967279,47
4294967294,45
4294967294,44
4294967294,120
4294967279,549
4294967278,419
4294967278,323
4294967294,29
4294967294,423
4294967278,275
4294967294,949
4294967294,40
4294967294,38
4294967294,37
4294967279,569
4294967279,436
4294967278,431
4294967278,382
4294967279,309
4294967278,415
4294967279,429
4294967294,76
4294967279,36
4294967294,41
4294967278,332
4294967278,260
4294967278,0
4294967294,43
4294967294,426
4294967294,472
4294967294,89
4294967279,396
4294967278,430
4294967278,435
4294967294,53
4294967294,416
4294967294,52
4294967294,969
4294967294,88
4294967294,87
4294967294,85
4294967294,1420
4294967294,902
4294967294,903
4294967294,185
4294967279,313
4294967279,421
4294967294,1414
4294967294,83
4294967294,81
4294967294,50
4294967294,92
4294967294,91
4294967294,96
4294967294,94
4294967278,143
4294967279,224
4294967279,539
4294967279,0
4294967294,6
4294967294,22
4294967294,5
4294967294,8
4294967294,9
4294967294,107
4294967294,93
4294967294,95
4294967294,17
4294967294,67
4294967294,99
4294967294,46
4294967294,388
4294967294,436
4294967294,920
4294967294,28
4294967294,1
4294967294,0
4294967294,919
4294967294,90
4294967294,86
4294967294,84
4294967294,950
4294967294,473
4294967294,418
4294967294,921
4294967294,27
4294967294,25
4294967294,26
4294967294,51
4294967294,1418
4294967294,2
4294967294,42
4294967294,39
4294967294,36
4294967294,972
4294967294,82
0,5
4294967278,406
4294967294,7
4294967293,131
4294967293,130
4294967293,129
4294967293,128
4294967293,127
4294967293,126
4294967293,125
4294967293,124
4294967293,123
4294967293,122
4294967293,121
4294967293,120
4294967293,119
4294967293,118
4294967293,117
4294967293,116
4294967293,115
4294967293,114
4294967293,113
4294967293,112
4294967293,111
4294967293,110
4294967293,109
4294967293,108
4294967293,107
4294967293,106
4294967293,105
4294967293,104
4294967293,103
4294967293,102
4294967293,101
4294967293,100
4294967293,99
4294967293,98
4294967293,97
4294967293,96
4294967293,95
4294967293,94
4294967293,93
4294967293,92
4294967293,91
4294967293,90
4294967293,89
4294967293,87
4294967293,86
4294967293,85
4294967293,84
4294967293,83
4294967293,82
4294967293,81
4294967293,80
4294967293,79
4294967293,78
4294967293,77
4294967293,76
4294967293,75
4294967293,74
4294967293,73
4294967293,72
4294967293,71
4294967293,70
4294967293,69
4294967293,68
4294967293,67
4294967293,66
4294967293,65
4294967293,64
4294967293,63
4294967293,62
4294967293,61
4294967293,60
4294967293,59
4294967293,58
4294967293,57
4294967293,56
4294967293,55
4294967293,54
4294967293,53
4294967293,52
4294967293,51
4294967293,50
4294967293,49
4294967293,48
4294967293,47
4294967293,46
4294967293,45
4294967293,44
4294967293,43
4294967293,42
4294967293,41
4294967293,40
4294967293,39
4294967293,38
4294967293,37
4294967293,36
4294967293,35
4294967293,34
4294967293,33
4294967293,32
4294967293,31
4294967293,30
4294967293,29
4294967293,28
4294967293,27
4294967293,26
4294967293,25
4294967293,24
4294967293,23
4294967293,22
4294967293,21
4294967293,20
4294967293,19
4294967293,18
4294967293,17
4294967293,16
4294967293,15
4294967293,14
4294967293,13
4294967293,12
4294967293,11
4294967293,10
4294967293,9
4294967293,8
4294967293,7
4294967293,6
4294967293,5
4294967293,4
4294967293,3
4294967279,127
4294967279,125
4294967279,124
4294967279,123
4294967279,122
4294967279,119
4294967279,116
4294967279,115
4294967279,114
4294967279,113
4294967279,566
4294967279,112
4294967279,108
4294967279,104
4294967279,518
4294967279,102
